1.543000000000000000e+18 1.311660650358159728e+03
3.086000000000000000e+18 9.274841404838119843e+02
4.629000000000000000e+18 7.572876295697232081e+02
6.172000000000000000e+18 6.558303251790798640e+02
7.715000000000000000e+18 5.865924755224858700e+02
9.258000000000000000e+18 5.354832181774374931e+02
1.080100000000000000e+19 4.957611264795621651e+02
1.234400000000000000e+19 4.637420702419059921e+02
1.388700000000000000e+19 4.372202167860532995e+02
1.543000000000000000e+19 4.147835172349536492e+02
1.697300000000000205e+19 3.954805663192326506e+02
1.851600000000000000e+19 3.786438147848616040e+02
2.005900000000000000e+19 3.637892100672914353e+02
2.160200000000000000e+19 3.505560543823800117e+02
2.314500000000000000e+19 3.386693236475161939e+02
2.468800000000000000e+19 3.279151625895399320e+02
2.623100000000000000e+19 3.181244356701793095e+02
2.777400000000000000e+19 3.091613801612706993e+02
2.931700000000000000e+19 3.009155906910555700e+02
3.086000000000000000e+19 2.932962377612429350e+02
3.240300000000000000e+19 2.862278198267273410e+02
3.394600000000000410e+19 2.796469902718255298e+02
3.548899999999999590e+19 2.735001519511533274e+02
3.703200000000000000e+19 2.677416090887187465e+02
3.857500000000000000e+19 2.623321300716319797e+02
4.011800000000000000e+19 2.572378173610792373e+02
4.166100000000000000e+19 2.524292098565744311e+02
4.320400000000000000e+19 2.478805632397810825e+02
4.474700000000000000e+19 2.435692680417902807e+02
4.629000000000000000e+19 2.394753753310202740e+02
4.783300000000000000e+19 2.355812072642133046e+02
4.937600000000000000e+19 2.318710351209529961e+02
5.091900000000000000e+19 2.283308114236746462e+02
5.246200000000000000e+19 2.249479457235273969e+02
5.400500000000000000e+19 2.217111158820343917e+02
5.554800000000000000e+19 2.186101083930266498e+02
5.709100000000000000e+19 2.156356826071678086e+02
5.863400000000000000e+19 2.127794547424009295e+02
6.017700000000000000e+19 2.100337983606320336e+02
6.172000000000000000e+19 2.073917586174768246e+02
6.326299999999999181e+19 2.048469780876894788e+02
6.480600000000000000e+19 2.023936323637202008e+02
6.634900000000000000e+19 2.000263739411538495e+02
6.789200000000000819e+19 1.977402831596163253e+02
6.943500000000000000e+19 1.955308251741619472e+02
7.097799999999999181e+19 1.933938121002116759e+02
7.252100000000000000e+19 1.913253696126158161e+02
7.406400000000000000e+19 1.893219073924308020e+02
7.560700000000000000e+19 1.873800929083085407e+02
7.715000000000000000e+19 1.854968280967623855e+02
7.869300000000000000e+19 1.836692285699758145e+02
8.023600000000000000e+19 1.818946050336457176e+02
8.177900000000000000e+19 1.801704466425010480e+02
8.332200000000000000e+19 1.784944060591458310e+02
8.486500000000000000e+19 1.768642860139835875e+02
8.640800000000000000e+19 1.752780271911900059e+02
8.795100000000000000e+19 1.737336972888361686e+02
8.949400000000000000e+19 1.722294811209937393e+02
9.103700000000000000e+19 1.707636716465279960e+02
9.258000000000000000e+19 1.693346618237580969e+02
9.412300000000000000e+19 1.679409372026119627e+02
9.566600000000000000e+19 1.665810691766387492e+02
9.720900000000000000e+19 1.652537088265207217e+02
9.875200000000000000e+19 1.639575812947699660e+02
1.002950000000000000e+20 1.626914806382829113e+02
1.018380000000000000e+20 1.614542651115071408e+02
1.033810000000000000e+20 1.602448528382863344e+02
1.049240000000000000e+20 1.590622178350896547e+02
1.064670000000000000e+20 1.579053863524019334e+02
1.080100000000000000e+20 1.567734335046229717e+02
1.095530000000000000e+20 1.556654801619685031e+02
1.110960000000000000e+20 1.545806900806353497e+02
1.126390000000000000e+20 1.535182672499417436e+02
1.141820000000000000e+20 1.524774534373184167e+02
1.157250000000000000e+20 1.514575259139446359e+02
1.172680000000000000e+20 1.504577953455277850e+02
1.188110000000000000e+20 1.494776038342395168e+02
1.203540000000000000e+20 1.485163230991709042e+02
1.218970000000000000e+20 1.475733527838725365e+02
1.234400000000000000e+20 1.466481188806214675e+02
1.249830000000000000e+20 1.457400722620177476e+02
1.265259999999999836e+20 1.448486873113773186e+02
1.280690000000000164e+20 1.439734606441593883e+02
1.296120000000000000e+20 1.431139099133636705e+02
1.311550000000000000e+20 1.422695726924559665e+02
1.326980000000000000e+20 1.414400054299460123e+02
1.342409999999999836e+20 1.406247824702477374e+02
1.357840000000000164e+20 1.398234951359127649e+02
1.373270000000000000e+20 1.390357508667412958e+02
1.388700000000000000e+20 1.382611724116512448e+02
1.404130000000000000e+20 1.374993970695269070e+02
1.419559999999999836e+20 1.367500759755766637e+02
1.434990000000000164e+20 1.360128734300105577e+02
1.450420000000000000e+20 1.352874662661032517e+02
1.465850000000000000e+20 1.345735432549406312e+02
1.481280000000000000e+20 1.338708045443593733e+02
1.496710000000000000e+20 1.331789611297826355e+02
1.512140000000000000e+20 1.324977343548302997e+02
1.527570000000000000e+20 1.318268554397442074e+02
1.543000000000000000e+20 1.311660650358159899e+02
1.558430000000000000e+20 1.305151128041390223e+02
1.573860000000000000e+20 1.298737570171318794e+02
1.589290000000000000e+20 1.292417641813912894e+02
1.604720000000000000e+20 1.286189086805396187e+02
1.620150000000000000e+20 1.280049724368248576e+02
1.635580000000000000e+20 1.273997445903215322e+02
1.651010000000000000e+20 1.268030211946599337e+02
1.666440000000000000e+20 1.262146049282872156e+02
1.681870000000000000e+20 1.256343048203315647e+02
1.697300000000000000e+20 1.250619359902048586e+02
1.712730000000000000e+20 1.244973194001370445e+02
1.728160000000000000e+20 1.239402816198905413e+02
1.743590000000000000e+20 1.233906546029522104e+02
1.759020000000000000e+20 1.228482754735469626e+02
1.774450000000000000e+20 1.223129863238601160e+02
1.789880000000000000e+20 1.217846340208951403e+02
1.805310000000000000e+20 1.212630700224304832e+02
1.820740000000000000e+20 1.207481502015729404e+02
1.836170000000000000e+20 1.202397346794371344e+02
1.851600000000000000e+20 1.197376876655101370e+02
1.867030000000000000e+20 1.192418773052872609e+02
1.882460000000000000e+20 1.187521755347910499e+02
1.897890000000000000e+20 1.182684579416088724e+02
1.913320000000000000e+20 1.177906036321066523e+02
1.928750000000000000e+20 1.173184951044971740e+02
1.944180000000000000e+20 1.168520181274600134e+02
1.959610000000000000e+20 1.163910616240286515e+02
1.975040000000000000e+20 1.159355175604764980e+02
1.990470000000000000e+20 1.154852808399499082e+02
2.005900000000000000e+20 1.150402492006097503e+02
2.021330000000000000e+20 1.146003231180579576e+02
2.036760000000000000e+20 1.141654057118373231e+02
2.052190000000000000e+20 1.137354026558051459e+02
2.067620000000000000e+20 1.133102220921926460e+02
2.083050000000000000e+20 1.128897745491720599e+02
2.098480000000000000e+20 1.124739728617636985e+02
2.113910000000000000e+20 1.120627320959240905e+02
2.129340000000000000e+20 1.116559694756651169e+02
2.144770000000000000e+20 1.112536043130622261e+02
2.160200000000000000e+20 1.108555579410171958e+02
2.175630000000000000e+20 1.104617536486483971e+02
2.191060000000000000e+20 1.100721166191879234e+02
2.206490000000000000e+20 1.096865738702715589e+02
2.221920000000000000e+20 1.093050541965133249e+02
2.237350000000000000e+20 1.089274881142620330e+02
2.252780000000000000e+20 1.085538078084424711e+02
2.268210000000000000e+20 1.081839470813890216e+02
2.283640000000000000e+20 1.078178413035839043e+02
2.299070000000000000e+20 1.074554273662168953e+02
2.314500000000000000e+20 1.070966436354875100e+02
2.329930000000000000e+20 1.067414299085743608e+02
2.345360000000000000e+20 1.063897273712004647e+02
2.360790000000000000e+20 1.060414785567264460e+02
2.376220000000000000e+20 1.056966273067070432e+02
2.391650000000000000e+20 1.053551187328496468e+02
2.407080000000000000e+20 1.050168991803160168e+02
2.422510000000000000e+20 1.046819161923118884e+02
2.437940000000000000e+20 1.043501184759109464e+02
2.453370000000000000e+20 1.040214558690630895e+02
2.468800000000000000e+20 1.036958793087384123e+02
2.484230000000000328e+20 1.033733408001612304e+02
2.499660000000000000e+20 1.030537933870902236e+02
2.515090000000000000e+20 1.027371911231029031e+02
2.530519999999999672e+20 1.024234890438447394e+02
2.545950000000000000e+20 1.021126431402043977e+02
2.561380000000000328e+20 1.018046103323796103e+02
2.576810000000000000e+20 1.014993484447979597e+02
2.592240000000000000e+20 1.011968161818601004e+02
2.607669999999999672e+20 1.008969731044738438e+02
2.623100000000000000e+20 1.005997796073480828e+02
2.638530000000000328e+20 1.003051968970185328e+02
2.653960000000000000e+20 1.000131869705769248e+02
2.669390000000000000e+20 9.972371259507745833e+01
2.684819999999999672e+20 9.943673728759532082e+01
2.700250000000000000e+20 9.915222529591243017e+01
2.715680000000000328e+20 9.887014157980816265e+01
2.731110000000000000e+20 9.859045179293183025e+01
2.746540000000000000e+20 9.831312226523616005e+01
2.761969999999999672e+20 9.803811998595158173e+01
2.777400000000000000e+20 9.776541258708097359e+01
2.792830000000000328e+20 9.749496832739713170e+01
2.808260000000000000e+20 9.722675607692414701e+01
2.823690000000000000e+20 9.696074530188604967e+01
2.839119999999999672e+20 9.669690605010583795e+01
2.854550000000000000e+20 9.643520893683925976e+01
2.869980000000000328e+20 9.617562513102807031e+01
2.885410000000000000e+20 9.591812634195802900e+01
2.900840000000000000e+20 9.566268480630790805e+01
2.916269999999999672e+20 9.540927327557577087e+01
2.931700000000000000e+20 9.515786500386968783e+01
2.947130000000000328e+20 9.490843373605066802e+01
2.962560000000000000e+20 9.466095369621540101e+01
2.977990000000000328e+20 9.441539957650797987e+01
2.993420000000000000e+20 9.417174652624892417e+01
3.008849999999999672e+20 9.392997014137144163e+01
3.024280000000000000e+20 9.369004645415427035e+01
3.039709999999999672e+20 9.345195192324189293e+01
3.055140000000000000e+20 9.321566342394184801e+01
3.070569999999999672e+20 9.298115823879099651e+01
3.086000000000000000e+20 9.274841404838119274e+01
3.101430000000000328e+20 9.251740892243657299e+01
3.116860000000000000e+20 9.228812131113392070e+01
3.132290000000000328e+20 9.206053003665847712e+01
3.147720000000000000e+20 9.183461428498790724e+01
3.163150000000000328e+20 9.161035359789667609e+01
3.178580000000000000e+20 9.138772786517442626e+01
3.194009999999999672e+20 9.116671731705110915e+01
3.209440000000000000e+20 9.094730251682285882e+01
3.224869999999999672e+20 9.072946435367214235e+01
3.240300000000000000e+20 9.051318403567597670e+01
3.255730000000000328e+20 9.029844308299688294e+01
3.271160000000000000e+20 9.008522332125052401e+01
3.286590000000000328e+20 8.987350687504485336e+01
3.302020000000000000e+20 8.966327616168554471e+01
3.317449999999999672e+20 8.945451388504250190e+01
3.332880000000000000e+20 8.924720302957291551e+01
3.348309999999999672e+20 8.904132685449590667e+01
3.363740000000000000e+20 8.883686888811421056e+01
3.379169999999999672e+20 8.863381292227876429e+01
3.394600000000000000e+20 8.843214300699179375e+01
3.410030000000000328e+20 8.823184344514436361e+01
3.425460000000000000e+20 8.803289878738441132e+01
3.440890000000000328e+20 8.783529382711158462e+01
3.456320000000000000e+20 8.763901359559500293e+01
3.471750000000000328e+20 8.744404335721065991e+01
3.487180000000000000e+20 8.725036860479460188e+01
3.502609999999999672e+20 8.705797505510908252e+01
3.518040000000000000e+20 8.686684864441808429e+01
3.533469999999999672e+20 8.667697552416920814e+01
3.548900000000000000e+20 8.648834205677893294e+01
3.564330000000000328e+20 8.630093481151841672e+01
3.579760000000000000e+20 8.611474056049686965e+01
3.595190000000000328e+20 8.592974627473982707e+01
3.610620000000000000e+20 8.574593912035975052e+01
3.626049999999999672e+20 8.556330645481632757e+01
3.641480000000000000e+20 8.538183582326399801e+01
3.656909999999999672e+20 8.520151495498443239e+01
3.672340000000000000e+20 8.502233175990127734e+01
3.687769999999999672e+20 8.484427432517561840e+01
3.703200000000000000e+20 8.466733091187904847e+01
3.718630000000000328e+20 8.449148995174320476e+01
3.734060000000000000e+20 8.431674004398290379e+01
3.749490000000000328e+20 8.414306995219146756e+01
3.764920000000000000e+20 8.397046860130598134e+01
3.780350000000000328e+20 8.379892507464083451e+01
3.795780000000000000e+20 8.362842861098761205e+01
3.811209999999999672e+20 8.345896860177963106e+01
3.826640000000000000e+20 8.329053458831937462e+01
3.842069999999999672e+20 8.312311625906741597e+01
3.857500000000000000e+20 8.295670344699072984e+01
3.872930000000000328e+20 8.279128612696949574e+01
3.888360000000000000e+20 8.262685441326036084e+01
3.903790000000000328e+20 8.246339855701489796e+01
3.919220000000000000e+20 8.230090894385199363e+01
3.934649999999999672e+20 8.213937609148247532e+01
3.950080000000000000e+20 8.197879064738498300e+01
3.965509999999999672e+20 8.181914338653150764e+01
3.980940000000000000e+20 8.166042520916144554e+01
3.996369999999999672e+20 8.150262713860317376e+01
4.011800000000000000e+20 8.134574031914145564e+01
4.027230000000000328e+20 8.118975601393009356e+01
4.042660000000000000e+20 8.103466560294825172e+01
4.058090000000000328e+20 8.088046058099966729e+01
4.073520000000000000e+20 8.072713255575357039e+01
4.088950000000000328e+20 8.057467324582621870e+01
4.104380000000000000e+20 8.042307447890229355e+01
4.119809999999999672e+20 8.027232818989483576e+01
4.135240000000000000e+20 8.012242641914316721e+01
4.150669999999999672e+20 7.997336131064761844e+01
4.166100000000000000e+20 7.982512511034008185e+01
4.181530000000000328e+20 7.967771016439012044e+01
4.196960000000000000e+20 7.953110891754482736e+01
4.212390000000000328e+20 7.938531391150257832e+01
4.227820000000000000e+20 7.924031778331928422e+01
4.243249999999999672e+20 7.909611326384653296e+01
4.258680000000000000e+20 7.895269317620096672e+01
4.274109999999999672e+20 7.881005043426397094e+01
4.289540000000000000e+20 7.866817804121123459e+01
4.304969999999999672e+20 7.852706908807110153e+01
4.320400000000000000e+20 7.838671675231148583e+01
4.335830000000000328e+20 7.824711429645432759e+01
4.351260000000000000e+20 7.810825506671714891e+01
4.366690000000000328e+20 7.797013249168098525e+01
4.382120000000000000e+20 7.783274008098425156e+01
4.397550000000000328e+20 7.769607142404171896e+01
4.412980000000000000e+20 7.756012018878818992e+01
4.428409999999999672e+20 7.742488012044624668e+01
4.443840000000000000e+20 7.729034504031767483e+01
4.459269999999999672e+20 7.715650884459763859e+01
4.474700000000000000e+20 7.702336550321173547e+01
4.490130000000000328e+20 7.689090905867470838e+01
4.505560000000000000e+20 7.675913362497087178e+01
4.520990000000000328e+20 7.662803338645548479e+01
4.536420000000000000e+20 7.649760259677678675e+01
4.551849999999999672e+20 7.636783557781802756e+01
4.567280000000000000e+20 7.623872671865920836e+01
4.582709999999999672e+20 7.611027047455822014e+01
4.598140000000000000e+20 7.598246136595048483e+01
4.613569999999999672e+20 7.585529397746736890e+01
4.629000000000000000e+20 7.572876295697231797e+01
4.644430000000000328e+20 7.560286301461482594e+01
4.659860000000000000e+20 7.547758892190148572e+01
4.675290000000000328e+20 7.535293551078403596e+01
4.690720000000000000e+20 7.522889767276389250e+01
4.706150000000000328e+20 7.510547035801273807e+01
4.721580000000000000e+20 7.498264857450912757e+01
4.737009999999999672e+20 7.486042738719038425e+01
4.752440000000000000e+20 7.473880191711975840e+01
4.767869999999999672e+20 7.461776734066840788e+01
4.783300000000000000e+20 7.449731888871184537e+01
4.798730000000000328e+20 7.437745184584072433e+01
4.814160000000000000e+20 7.425816154958545212e+01
4.829590000000000328e+20 7.413944338965437453e+01
4.845020000000000000e+20 7.402129280718558846e+01
4.860449999999999672e+20 7.390370529401147337e+01
4.875880000000000000e+20 7.378667639193626826e+01
4.891309999999999672e+20 7.367020169202621105e+01
4.906740000000000000e+20 7.355427683391170035e+01
4.922169999999999672e+20 7.343889750510189174e+01
4.937600000000000000e+20 7.332405944031073375e+01
4.953030000000000328e+20 7.320975842079472784e+01
4.968460000000000655e+20 7.309599027370200020e+01
4.983889999999999672e+20 7.298275087143251483e+01
4.999320000000000000e+20 7.287003613100887378e+01
5.014750000000000328e+20 7.275784201345830127e+01
5.030180000000000000e+20 7.264616452320443329e+01
5.045610000000000328e+20 7.253499970746993597e+01
5.061039999999999345e+20 7.242434365568865928e+01
5.076469999999999672e+20 7.231419249892796586e+01
5.091900000000000000e+20 7.220454240932052414e+01
5.107330000000000328e+20 7.209538959950562287e+01
5.122760000000000655e+20 7.198673032207969413e+01
5.138189999999999672e+20 7.187856086905594566e+01
5.153620000000000000e+20 7.177087757133288903e+01
5.169049999999999672e+20 7.166367679817166447e+01
5.184480000000000000e+20 7.155695495668183526e+01
5.199910000000000328e+20 7.145070849131555235e+01
5.215339999999999345e+20 7.134493388337016029e+01
5.230769999999999672e+20 7.123962765049860479e+01
5.246200000000000000e+20 7.113478634622798324e+01
